s1 2 3
u = 1 2 3
v = 2 3 4
v+u = 3 5 7
2*u =2 4 6
u*2 = 2 4 6
w2 = 11 16 21
-u=-1 -2 -3
u%v = 20
u.dot(v) = 20
x=1.23
False
d1 = 7.9999999999999993e-001
d1 = 8.0000000000000004e-001
True
d1 = 1.0000000000000000e+000
d1 = 1.0000000000000000e+000
