Theoretical: 1, numerical: (1.00003416377133, 0.000228472802628553)
Theoretical: 1, numerical quasi: (0.999999849669713, 1.84444132695976E-06)
