Part A):
The A matrix:

     0.913       0.54      0.467      0.356 
    0.0495      0.522       0.35      0.232 
     0.665      0.376      0.835      0.301 
     0.308      0.143       0.25      0.146 
     0.949      0.378      0.426      0.637 

We can factorize A into the R and Q matricies (R first):

      1.51      0.778      0.982      0.786 
         0      0.514      0.355       0.15 
         0          0      0.439    -0.0428 
         0          0          0      0.235 

And Q):

     0.606      0.135       -0.4      -0.67 
    0.0328      0.964    -0.0571      0.253 
     0.441     0.0651      0.865    -0.0794 
     0.204    -0.0306      0.138    -0.0165 
     0.629     -0.216     -0.263      0.693 

Checking that Q^TQ = I

         1          0   1.39e-16   3.33e-16 
         0          1  -5.55e-17  -1.39e-16 
  1.39e-16  -5.55e-17          1  -2.78e-17 
  3.33e-16  -1.39e-16  -2.78e-17          1 

And that QR = A

     0.913       0.54      0.467      0.356 
    0.0495      0.522       0.35      0.232 
     0.665      0.376      0.835      0.301 
     0.308      0.143       0.25      0.146 
     0.949      0.378      0.426      0.637 

New square A for testing the equation solving

     0.426      0.919      0.484      0.841     0.0392 
     0.423      0.223      0.373      0.389      0.246 
     0.476      0.378      0.339      0.642      0.525 
   0.00693      0.298      0.948      0.211     0.0424 
     0.389      0.734      0.907      0.502      0.668 
We can factorize A into the R and Q matricies (R first):

     0.859       1.11       1.03       1.19      0.734 
         0      0.658      0.702      0.318    -0.0333 
         0          0      0.811    -0.0328       0.25 
         0          0          0      0.203     -0.229 
         0          0          0          0      0.361 

And Q):

     0.496      0.559     -0.518      0.265     -0.321 
     0.492     -0.491       0.26     -0.167     -0.649 
     0.554      -0.36     0.0266      0.477       0.58 
   0.00807      0.439      0.779       0.43     -0.125 
     0.452      0.353      0.239       -0.7      0.352 

The b vector in Ax=b
     0.686      0.549     0.0344      0.733      0.802 

The Solution to the system Ax=b is
      2.27      0.932      0.917      -1.83      -1.01 

A*x is equal to
     0.686      0.549     0.0344      0.733      0.802 
Part B):
The inverse of A is

   0.00782       5.51      -3.36      -1.65      0.714 
      1.04     -0.265      -2.16       -1.4       1.83 
    -0.352      0.759     -0.293       1.14     -0.101 
     0.298      -2.85       4.16       1.73      -2.35 
    -0.889       -1.8        1.6     -0.346      0.974 
A*A^-1 is

         1  -7.22e-16  -2.78e-17  -2.43e-16   2.78e-16 
 -8.33e-17          1     -5e-16  -8.33e-17   2.78e-17 
 -1.67e-16  -6.66e-16          1     -5e-16   2.22e-16 
  -4.3e-16   5.55e-17  -2.78e-16          1  -1.87e-16 
  5.55e-16  -6.66e-16  -2.22e-16          0          1 
