The A matrix:

     0.913       0.54      0.467      0.356      0.426      0.919 
    0.0495      0.522       0.35      0.232      0.423      0.223 
     0.665      0.376      0.835      0.301      0.476      0.378 
     0.308      0.143       0.25      0.146    0.00693      0.298 
     0.949      0.378      0.426      0.637      0.389      0.734 
The b vector in Ax=b
     0.686      0.549     0.0344      0.733      0.802 
6
Decomposes into the R and Q matricies:

      1.51      0.778      0.982      0.786      0.728       1.25 
         0      0.514      0.355       0.15      0.412      0.196 
         0          0      0.439    -0.0428      0.116     -0.205 
         0          0          0      0.235     0.0527    -0.0852 
         0          0          0          0      0.149    -0.0772 
         0          0          0          0          0   1.77e-16 

     0.606      0.135       -0.4      -0.67     0.0779      0.376 
    0.0328      0.964    -0.0571      0.253     -0.036     -0.271 
     0.441     0.0651      0.865    -0.0794      0.216       0.43 
     0.204    -0.0306      0.138    -0.0165     -0.968      0.235 
     0.629     -0.216     -0.263      0.693     0.0902      0.738 
Checking that Q^TQ = I

         1          0   1.39e-16   3.33e-16   1.04e-16      0.921 
         0          1  -5.55e-17  -1.39e-16  -2.74e-16     -0.349 
  1.39e-16  -5.55e-17          1  -2.78e-17   5.55e-17     0.0754 
  3.33e-16  -1.39e-16  -2.78e-17          1  -1.25e-16      0.152 
  1.04e-16  -2.74e-16   5.55e-17  -1.25e-16          1    -0.0287 
     0.921     -0.349     0.0754      0.152    -0.0287          1 
And that QR = A

     0.913       0.54      0.467      0.356      0.426      0.919 
    0.0495      0.522       0.35      0.232      0.423      0.223 
     0.665      0.376      0.835      0.301      0.476      0.378 
     0.308      0.143       0.25      0.146    0.00693      0.298 
     0.949      0.378      0.426      0.637      0.389      0.734 
The Solution to the system Ax=b is
 -4.34e+15  -5.57e+15   1.78e+15   1.23e+15   2.59e+15   5.01e+15 
A*x is equal to
         1     -0.125          1          1          1 
The inverse of A is

 -1.84e+15   1.32e+15   -2.1e+15  -1.15e+15   -3.6e+15          0 
 -2.36e+15    1.7e+15   -2.7e+15  -1.47e+15  -4.63e+15          0 
  7.53e+14  -5.43e+14   8.61e+14   4.69e+14   1.48e+15          0 
  5.22e+14  -3.76e+14   5.97e+14   3.26e+14   1.02e+15          0 
   1.1e+15  -7.92e+14   1.26e+15   6.85e+14   2.15e+15          0 
  2.12e+15  -1.53e+15   2.42e+15   1.32e+15   4.16e+15          0 
A*A^-1 is

      1.25       0.25          0      -0.25          1          0 
     -0.25       1.25     -0.438      0.125          0          0 
     0.125          0       1.38      0.125          0          0 
         0    -0.0625      0.125       1.06       0.25          0 
      0.25     -0.125       0.75      0.125        1.5          0 
