The A matrix:

     0.913       0.54      0.467      0.356      0.426 
    0.0495      0.522       0.35      0.232      0.423 
     0.665      0.376      0.835      0.301      0.476 
     0.308      0.143       0.25      0.146    0.00693 
     0.949      0.378      0.426      0.637      0.389 
The b vector in Ax=b
     0.686      0.549     0.0344      0.733      0.802 
5
Decomposes into the R and Q matricies:

      1.51      0.778      0.982      0.786      0.728 
         0      0.514      0.355       0.15      0.412 
         0          0      0.439    -0.0428      0.116 
         0          0          0      0.235     0.0527 
         0          0          0          0      0.149 

     0.606      0.135       -0.4      -0.67     0.0779 
    0.0328      0.964    -0.0571      0.253     -0.036 
     0.441     0.0651      0.865    -0.0794      0.216 
     0.204    -0.0306      0.138    -0.0165     -0.968 
     0.629     -0.216     -0.263      0.693     0.0902 
Checking that Q^TQ = I

         1          0   1.39e-16   3.33e-16   1.04e-16 
         0          1  -5.55e-17  -1.39e-16  -2.74e-16 
  1.39e-16  -5.55e-17          1  -2.78e-17   5.55e-17 
  3.33e-16  -1.39e-16  -2.78e-17          1  -1.25e-16 
  1.04e-16  -2.74e-16   5.55e-17  -1.25e-16          1 
And that QR = A

     0.913       0.54      0.467      0.356      0.426 
    0.0495      0.522       0.35      0.232      0.423 
     0.665      0.376      0.835      0.301      0.476 
     0.308      0.143       0.25      0.146    0.00693 
     0.949      0.378      0.426      0.637      0.389 
The Solution to the system Ax=b is
    -0.205       3.26      0.355       1.83         -4 
A*x is equal to
     0.686      0.549     0.0344      0.733      0.802 
The inverse of A is

      1.73      -1.36    -0.0774     -0.536     -0.307 
      1.63       1.71       -1.9       3.25      -1.39 
     -1.34     0.0438       1.53       2.17     -0.486 
     -2.96       1.13     -0.662       1.38       2.81 
     0.522     -0.241       1.45       -6.5      0.605 
A*A^-1 is

         1   1.39e-17          0  -8.88e-16          0 
 -2.78e-17          1  -2.22e-16   4.44e-16  -1.11e-16 
 -1.67e-16   5.55e-17          1          0   2.22e-16 
 -1.28e-16   3.83e-16   3.47e-18          1   1.83e-16 
 -3.89e-16   3.05e-16   1.11e-16  -4.44e-16          1 
